[2409.601802740646, 1219.4296563961902, 1187.688133708484, 1068.875729274949, 1054.0514982718994, 1065.7879838667889, 962.8916029102816, 1012.6379638226343, 904.5634308107358, 783.7208388060134, 769.1564490774101, 779.2225602748895, 767.7016361992409, 767.7016361992409, 725.5737894900411, 725.5737894900411, 683.7053617989519, 683.7053617989519, 704.3891574554793, 704.3891574554793]

MINK:   1
[2409.601802740646, 1219.4296563961902, 1187.688133708484, 1068.875729274949, 1054.0514982718994, 1065.7879838667889, 962.8916029102816, 1012.6379638226343, 904.5634308107358, 783.7208388060134, 769.1564490774101, 779.2225602748895, 767.7016361992409, 767.7016361992409, 725.5737894900411, 725.5737894900411, 683.7053617989519, 683.7053617989519, 704.3891574554793, 704.3891574554793]

MINK:   2
[2409.601802740646, 1219.4296563961902, 1187.688133708484, 1068.875729274949, 1054.0514982718994, 1065.7879838667889, 962.8916029102816, 1012.6379638226343, 904.5634308107358, 783.7208388060134, 769.1564490774101, 779.2225602748895, 767.7016361992409, 767.7016361992409, 725.5737894900411, 725.5737894900411, 683.7053617989519, 683.7053617989519, 704.3891574554793, 704.3891574554793]

MINK:   3
[2409.601802740646, 1219.4296563961902, 1187.688133708484, 1068.875729274949, 1054.0514982718994, 1065.7879838667889, 962.8916029102816, 1012.6379638226343, 904.5634308107358, 783.7208388060134, 769.1564490774101, 779.2225602748895, 767.7016361992409, 767.7016361992409, 725.5737894900411, 725.5737894900411, 683.7053617989519, 683.7053617989519, 704.3891574554793, 704.3891574554793]

MINK:   4
[2409.601802740646, 1219.4296563961902, 1187.688133708484, 1068.875729274949, 1054.0514982718994, 1065.7879838667889, 962.8916029102816, 1012.6379638226343, 904.5634308107358, 783.7208388060134, 769.1564490774101, 779.2225602748895, 767.7016361992409, 767.7016361992409, 725.5737894900411, 725.5737894900411, 683.7053617989519, 683.7053617989519, 704.3891574554793, 704.3891574554793]

MINK:   5
[2409.601802740646, 1219.4296563961902, 1187.688133708484, 1068.875729274949, 1054.0514982718994, 1065.7879838667889, 962.8916029102816, 1012.6379638226343, 904.5634308107358, 783.7208388060134, 769.1564490774101, 779.2225602748895, 767.7016361992409, 767.7016361992409, 725.5737894900411, 725.5737894900411, 683.7053617989519, 683.7053617989519, 704.3891574554793, 704.3891574554793]